                                    
                                    
                                    
4444444444        4444444444        
3         11111111         3        
3       111111111111       3        
3   7  11111111111111  7   3        
3 222211111111111111112222 3        
3        1111111111        3        
3 23        1111        32 3        
2223                    3222        
   3  5  5  5  5  5  5  3           
   3                    3           
   3        1111        3           
   3     111iiii111  8  3           
   3  111iiiiiiiiii111  3           
   3   iiiiiiiiiiiiii   3           
   3    iiiiiiiiiiii    3           
   3      iiiiiiii      3           
999999999999999999999999999999999999