                                    
                                    
                                    
       44          44    44         
 11111154311111111345111154         
 11111115311111111351111115         
 11111111311111111311111111         
 111 11113111     3111   11         
 111  1113111555  311155544         
 111  1113111111  311111154         
 111  1113111111  3 1111115         
 111  1113111111  3  111111         
 111 51113111     3     111         
 11151111311155555311555111         
 11111111311111111311i11111         
 1111111 3111111113 1i1111          
 111111  3111111113  i111           
  7  7   3   8    3   7  7          
1111111116111331116111111111        
999999999999999999999999999999999999