                                    
                                    
                                    
                                    
     4446      444    4   44        
3   3  41222222   1111 223          
35  35  1   25           3 5        
1134223 23  2212 iiii11 31i1        
 53 753 23  25          3           
3114322 233 2213 i    i 3           
35  35  2 33  23  1551  3           
1134223 2  33 23   113443 5         
753  53 2   3323     3  11i1        
3114322 2    323  7  3              
35  357 2     23222222223 5         
1134223 2     231  5 5 131i1        
 53  53 2     23131212113           
3114222 275531 313 5 5  3           
3 8     11111122112121212121        
999999999999999999999999999999999999