                                    
                                    
                                    
44444444444                         
           3     1   4 4            
  5  5  5 734444 1111 3 1111        
11111111111     31111 3 i111        
55       55 444431111 3 i111        
115     5113     1 11 3 i551        
1115   511134444 1 11 3 i111        
11115 51111     31 11 3 i551        
11111511111  7  31 11 3 i111        
111111111113111111551 3 i551        
           3     1111 3 i111        
161    8   3         73 i551        
161111111111131111111111i111        
16    11151113111115                
16    11115113115 5113     5        
165  511111  3  111111111111        
999999999999999999999999999999999999