                                    
                                    
                                    
                                    
3444444444444444444444444443        
3 5  5 5555 5    5     55  3        
3 5  5 5    5    5    5  5 3        
3 5555 555  5    5    5  5 3        
3 5  5 5    5    5    5  5 3        
3 5  5 5555 5555 5555  55  3        
3                       7 73        
3443334443334443334433334443        
386   6 6   6 6   6 6   6  3        
3131    6   6 6   6 6   3113        
316 133 6   6 6   6 61116 13        
316   6131  6 6   313   6 13        
31 6666  633155333  6666  13        
31                        13        
1111111111111111111111111111        
999999999999999999999999999999999999