                                    
                                    
                                    
1111221111111111111111111116        
1 5  2     5  7    8      16        
1313 21i13111111i11111111 16        
13113 1i133115444444445   16        
13 113 i1133115   5  5113 16        
13  113 11133115    511 3136        
133  113 11333115  511  3336        
13335 133 1313311  11  13316        
13333  313 311331i11  133316        
15333373113311133i1  3335316        
1335  33 113 1113i 513333116        
111311115 113 113  133373316        
133333333  133 3373335  3316        
13 33 5  3  3133313311111316        
15 31311113     3335     3 6        
1111133335311111331111111111        
999999999999999999999999999999999999