                                    
                                    
                                    
6                                   
644444444444                        
3     3     1 5 1     3             
3 5  333  5 11111 5  333  5         
3 33  3  33       33  3  33         
3 3 33333 3       3 33333 3         
3 3  575  3   3   3  575  3         
3  3111113   333   3111113          
3   33333 33  3  33 33333           
3         3 33333 3                 
3    5    3  575  3     5           
31111113   3111113  31111111        
3      3    33333   3               
3      3            3               
3      3       5  8 3               
1111111111111111111111111111        
999999999999999999999999999999999999