                                    
                                    
                                    
 664446444644464446444644466        
 311i111i111i111i111i111i113        
 314441   144 1 441   144413        
 31i1i1i1i1i1i1i11111i1i1i13        
 31    14441   1   i4441  13        
 311i1i1i1i1i1i1i111i1i1i113        
 31   1   144414441   1   13        
 31i1i1i111i1i1i1i1i1i1i1i13        
 31  i  3144414441   1    13        
 311iii1i1i1i1i1i11111i1i113        
 31   14441   i   13441   13        
 31i1i1i1i1i1ii111111i1i1i13        
 31444 1   1   13  1   14413        
 311i1i1i1i1iiiii1i1i1i1i113        
 3877         5         7773        
 1111111111116 6111111111111        
999999999999999999999999999999999999