                                    
                                    
                                    
                          6         
     7                    6         
311111111113  7  5     5  6         
3          3111113   1113111        
3 5      5 3    23      3           
3 1  111 1 3 55 23    7 3           
3 1 111  1 3 22 211111111122        
3 1  111 1 3 22           25        
3 1 111  1 3 24444444  5  23        
3 15 111 1 3 25      1111323        
3 11111  1 3 22          3 3        
3 11111111 3 22    5     311        
3          3 22 111111   3          
322222222122222          3          
3             8          3          
1111111111111111111111111111        
999999999999999999999999999999999999