                                    
                                    
                                    
222222222222222  6 222222222        
  73      3444   6 3      5         
222611222221i12226 32222 321        
2443       344443  3   11111        
2  3       5 15137 3  5   11        
5 i3       3    213 22111121        
21i3444444434444423444444432        
15 2       3   53222      31        
22i1    5553    324444  5 33        
2          3    323 5   i123        
111i11     3 8  323        3        
134444 32111211i223        3        
135   13        313  21111 3        
132441113       323  1 5 2 3        
13  111213  7   3 3   122122        
2111112222111111111111112111        
999999999999999999999999999999999999