                                    
                                    
                                    
      7   6       6   7             
           6     6                  
            6   6                   
          511131115                 
          151535151                 
  5      153 313 351    5 5         
  113131111113 311111131311         
 51 313      333      31351         
 1 33133333333333333333133 1        
 1375 13333333133333331 5731        
  1113 13 5  3 3  5 31 3111         
   51131111111311111113115          
   11 3     5 3 5     3 11          
   1 3113333331333333113 1          
 5  31113331333331333111385         
1111111111111111111111111111        
999999999999999999999999999999999999