                                    
                                    
                                    
111111111111    111111221116        
1444444444444444444444 11 16        
1 31111111113  6144444344446        
8 3525555   3  615  553   56        
1131111121113  61113111i1316        
1 33333 2  53  615 3444443 6        
15  253  5513  612 3 222 356        
1111111i11113  615 37  55323        
1  5255 2  13  6111111311113        
1  2222 2  1344315    3  556        
1 555 5525 13573125   3 1113        
13111i1111311111111131111113        
13444444443111 44444342 4443        
13 5  555 3  53 5 5 3 235 51        
113113213111i131121i11111311        
 535537 3     3        55355        
999999999999999999999999999999999999