                                    
                                    
                                    
22 2222222222622222222222 22        
1355555555555685555557555531        
2322222222222322222222222232        
132755555553 3 355555555 231        
2315222212235353221222225132        
13251355572333332 5755 15231        
231523222i2233322i2222325132        
1325132 5555333555 532315231        
2315231522223332225231325132        
132513255 553335575532315231        
231523222i2233322i2222325132        
1325135555133333155555315231        
2315222222232523222222225132        
1325555555531513555555555231        
2322222222222522222222222232        
1355555555555555555555555531        
999999999999999999999999999999999999