                                    
                                    
                                    
261222122112112212 221221121        
2366666262122162666666221111        
23 8 5626 555 6 6  7 6 5  61        
2321216261211231321113111161        
23 5  626 555 3 3 5113111261        
232126626 111 3 3 2253511561        
23666 526     353  123212261        
23  61126  5  323  5 3444461        
235 76 26 111 323  123  5211        
231111326  1  353  1 3 11561        
23  2 32666666323  1 3   232        
23  2 34444444443571 3255531        
23  253211113 52311111111111        
23  2132   11111212444444431        
23 5  3  5   5       7 55531        
2111111212222222222221222231        
999999999999999999999999999999999999