                                    
                                    
                                    
444444444444444444444443            
  5    5     5     5   3            
1111  1111  111i  11i1 3            
     5    5      5     3            
1  1i11  11i1  i111  1 3            
 5      5   5      5   3            
1111  1111  111i  11i1 3            
    5     5     5      3            
1  11i1  1i11  i111  1 3            
  5     5     5    5   3            
1111  1111  111i  11i1 3            
7    8           7     3   7        
1111111111111111111111116111        
1111111111111111111111116111        
1111111111111111111111  6  1        
1111111111111111111111 767 1        
999999999999999999999999999999999999