                                    
                                    
                                    
    445 44444444744444 44444        
   3 515        34 1 43  555        
583 51 15      34 111 43  55        
11 51   15    34 1   1 43  5        
 7 i  1  1   34 11   11 43 7        
311  111  2224   15551   413        
3   1   1   5   33111      3        
3  4 111   53  31131       3        
3   4 1   53   3553 44444443        
3    4   53   322223       3        
2223  4443    35  53 4444443        
   3         31111113      3        
11131113     35    53 444443        
       3    3222222223     3        
       3  7 35   7  53 44443        
1111111122222111111113     3        
999999999999999999999999999999999999