                                    
                                    
                                    
              6                     
   44444444  46444                  
  3        34     3 311113          
  3444444473444444 31 34 13         
  3       31  444 31  3 5 i3        
  3      3i 13   31   3   51        
  3  44 31   13 4 8444344441        
3 1336 315311 13  1        1        
31 136 311111113  1111 11111        
11i116 31  15 1343    4   73        
11i116 31111111  31111 11113        
1 5 16 31 51  13 31511 11113        
111116 311111113 31111 11513        
111116 31  15  3 31    1   3        
1   16 311111113 311i111i113        
1 5  613      1313   1  5  3        
999999999999999999999999999999999999