                                    
                                    
                                    
                           6        
                           6        
                     7455546        
  5454               3511153        
531 1 54            53111113        
13    1           5 13115113        
 3      54        1343111113        
 3      1       5 43  51115         
 3              13                  
 3        5      3    5555          
 3        1   5 43   511115         
 3            13     11113i         
 3         54  3     1113i1         
 3         1 543     113i11         
 3          51 3     13i111         
 3  8       1  3 7   3i1111         
999999999999999999999999999999999999