                                    
                                    
                                    
11111611111111111111111 1111        
    161 4444444            1        
6116 61 15   131         7 1        
6 11111 1111113111115 131111        
16    5444111131111111131 11        
1111111   1  13111 111131 11        
       7     13111 11 1315 1        
311111113135 13111 11 131111        
3       31111131115 1 1311 1        
3         11113111111 131151        
3       1     3        3   1        
3111311113121212121212131212        
3111311113111111  1111131212        
3   3    31111111  11113            
3111111113111111115 11111113        
38       3 5 111111  7     3        
999999999999999999999999999999999999