                                    
                                    
                                    
3333  3333333333333333333333        
3  511  22 5 2357 225  23 53        
3 511     2275 235  225  233        
3511      5 22 5 235  225  3        
311      311  22 5 235  2253        
32 5    3i1     22 5 235  23        
3 22 5 31i        22 5 235 3        
35  21 11          522 5 223        
3235  22 5       311  22 5 3        
35 235  22 5    3i1     2283        
325  2357 22 5 31i       513        
3 2257 235  21 11      51223        
35  22 5 235  22 5    512  3        
3235  225  235  22 5 512   3        
37 23   22   23   11 11    3        
3333333333333333333311111113        
999999999999999999999999999999999999