                                    
                                    
                                    
        44 2  4  222   4  22        
13251223  1512 31   512 345         
13 115 23  22  315  12 3  1         
122221  23   7321 211 3  12         
5    122231222122122 3  122         
i 32     31 44   44443 1152         
i23 2212212 5 21   2i2  122         
 223  4   2212221 22522  22         
  223  2152    51222i222  2         
44 223  21    222 4443 225          
5 3 223          3    3 22          
 13   23  31234444    23 22         
 13211 23121 3 7   172  3           
21 5112 325112216 121  3i6          
222111 312211 516152  325265        
25  1323  8122 2621  3  i 62        
999999999999999999999999999999999999