                                    
                                    
                                    
             33                     
  73         33         3 7         
 11311     113311     11311         
1153511   11133111   1153511        
1  3     115 33 511  1  3           
11535 44411  33      11535          
 11311   115 3375     11311         
  53511   1113311      53511        
   3  1    1133111 44   3  1        
1153511    5 33 511  1153511        
 1i3i1       33  11   113i1         
   3     115 337511     3           
          11133111                  
           113311                   
        8    33                     
1111111111111331111111111111        
999999999999999999999999999999999999