                                    
                                    
                                    
 6  4            7                  
26 3  13          244444444i        
 32312222112311123 3       3        
32223 4 2 5 231123  2   2  3        
325  35 5237433123445   5423        
3223 3 3223  22323  2 542  3        
3523 3 25 3  52323445 2 5423        
325343223 3 532323  245 2  3        
3523 25 3 3 i3 323445 2 5423        
3253223 3 3 252323  2 542  3        
32225 3 3 3 5i5323445 2 5423        
35223 3 3 3 3222 3  245 2  3        
225 3 3 3 3 32  13445 2 5423        
2 3 3 3 3 3 3 1323  2   2  3        
52323232323 222 8326    77 3        
3 3 3 3 3 3    1322211112212        
999999999999999999999999999999999999