                                    
                                    
                                    
  6                                 
  6                                 
  6      44444        444443        
 73    4      3  44 73     3        
i134443 1i11  311  113 11i11        
i1    311i111 311  113 11i1         
i1    31174   311  113 11           
i1    3113 11 311  1134 1           
i1 5  3113511 3115 1153ii58         
i 44343113 11 311  11 31111         
11 33  113  1 311  11 31111         
1133   113 i 4311  11 311           
113    113 11  11  11 311           
113 544113  5   1 51  3   5         
111113 1111113  11i1  311113        
111113 51111 3  51i5  311111        
999999999999999999999999999999999999