                                    
                                    
                                    
 7         44          8            
   31111111   1111113               
   31111111   1111113434 66         
   3    111   111   7 3 6  6        
3443    111   111     3 6  6        
3  3   111     111    3  66         
3  7  111       111   3             
3    111 55   55 111  3 6 6         
3    111 11   11 111  3 66          
3    111         111  3 6 66        
3    111  11111  111  3             
3    111  11111  111  312113        
3     11   111   111  1 5 13        
111113111  515  1114441 1 13        
1 5 13 11111111111444411 113        
1 1 13   11   11           3        
999999999999999999999999999999999999