                                    
                                    
                                    
             66                     
  7 33333  556655  33333 7          
    33333 31111113 333 3            
  313 3 3 3  5   3 3 3 313          
  313 3 3 31111113 3 3 313          
   13 3 343  8 5 343 3 31           
   52 3 241111111142 3 25           
   i3 3 343111111343 3 3i           
  3i3 3 343111111343 3 3i3          
  333 3 3  31ii13  3 3 333          
  333 3 3  31ii13  3 3 333          
   33 3 3   1551   3 3 33           
    333 3          3 333            
     3333          3333             
      333          333              
       73111111111137               
999999999999999999999999999999999999