                                    
                                    
                                    
8      44    44 4444 1 575 5        
713  32  5 2315151   131i1 3        
211111231 1131 1 11113311  3        
21111123 1 13144 15113 114 3        
        3   3111111113  5  3        
3111111i3   3441 1511  11 11        
31  13 131 51 315 11122  111        
315 1 51311 1 311153       5        
3 11111 3  1  3151134 5 1311        
31 31  13  171311153 11 5315        
315 1 5i3   113151  31531 1         
3 11111 3    131  7131331111        
31  1  13    43 5 133 11   5        
 15 1 513   3 5 1 13     311        
511111113   3 1 1233 311 315        
        31  1 12  3  311531         
999999999999999999999999999999999999