                                    
                                    
                                    
         6        6                 
    5    6        6                 
   32137 6        6  3123 5         
3213  3223        3223  3223        
38 5  5  3123 53123  5  5  3        
223 5    5 63223         321        
  31237 32265  3223   3213 5        
3225 3123      5  362235 322        
3    5  31237   3216  3123          
3126    5  3226 3  5  3  7          
 5 6223  322  6123    32123         
      3213    5  3223   5 3         
   3213 53223       3123  3         
3223  3123  3213 32135 3223         
3  6  6 76  65 656  6  6 56         
32222222231 2212231 22222222        
999999999999999999999999999999999999