                                    
                                    
                                    
      24444444  444 33113  6        
5   752444444511   331133  6        
1113112     511   3311335  6        
   3  2    511   3311335 226        
5  3 52   511   3311335 22 6        
1113112  511   3311335 22  6        
  83  2 511   3311335 22 556        
1113 52511   3311335 22 311         
111311211   3311335 22  355         
1513  2 5  337 335 22 31111         
1113 521111111111132  35 75         
51131124444444444432 311111         
1113 525 5  3      2 35   5         
1222222111  3 1111 2 311111         
           731155112 35   5         
11111111111121111112 1111111        
999999999999999999999999999999999999