                                    
                                    
                                    
 4  7   1111 7  5   1111            
3 31111311113111111 11111113        
3 311113  5 3111511 11115113        
3 31551311111111111    11113        
3 111113     444444444444443        
3     137        5  5               
31i13 1311111i11111113 5 5          
35 13 1344444 44444322222222        
11 13 13    5 5    3  85  5         
   53 1311111i11111311111113        
11322 13444444444443       3        
113   53    5     21111113 3        
1131111111111111162    5 3 3        
5131             6211111i1 3        
1131     5    5  62    7   3        
1111111111111111111111111111        
999999999999999999999999999999999999