                                    
                                    
                                    
1161111611111611111611111611        
1 657  6     6   5 6 5   6 1        
1311111111i1111i111111111131        
1315       75        5   131        
1311111i11111111i11111113131        
131  5          5      13131        
13131111i1111i11111i11313131        
13131                1313131        
13131315     7     5 1313131        
131313111i11i111i11111313131        
131313   5        5   313131        
1313111i111111111111i1113131        
1313   5         5      3131        
13111i1111i1111i111111i11131        
13   7   5    8     5  7  31        
1111111111111111111111111111        
999999999999999999999999999999999999