                                    
                                    
                                    
111  6 11    11    11 6  111        
1111 61111 71111 711116 1111        
3  1131  1131  1311  1311  3        
3   13443 13   531 34431   3        
3 71111531111331111351111 83        
3111  1131  1311  1311  1113        
311    135   31   531    113        
3111  1111331111331111  1113        
3  1131  1131  1311  1311  3        
3   13    13   531    31   3        
3  1111331111331111331111  3        
3111  1131  1311  1311  1113        
311    13    31    31    113        
3111  1111331111331111  1113        
3    5    33 5  33    5    3        
3111111111111111111111111113        
999999999999999999999999999999999999