                                    
                                    
                                    
 444444441          7               
3        1  5    311113 1 13        
3 iiiiii 1111132 32   3 1 13        
3 iiiiii 1  5 32 3232 3 1 13        
3 iiiiii 1311112 3232 3 1 13        
3 ii55ii 13 5  2 3232 3 1 13        
3 iiiiii 1111132 3232 3 1 13        
3 iiiiii 1  5 32 3232 3 1513        
3       71311112 3232 3 11i3        
31111111113 5  2 3232 3    3        
3111111111111132112321111113        
3111111111  5 32222322221113        
3115511111311112 5 6 5 25113        
3111111115321222222222221113        
32222222222       5  75    3        
3 8        31111111111111111        
999999999999999999999999999999999999