                                    
                                    
                                    
  7 44 4             7              
1111  3   4         113             
1111  3 11 4   7   4113             
1551  3 114 1111111  43             
1111  3     1111111 3 3111          
      3444  1111111 3  151          
    4     3 1111111 3  111          
     1111 3 1155511 3               
   4 1111 3 1111111 3               
1114 1551 34     4 43               
151  1111 3 4   4 3  1111           
111       3   8   3  1111           
          3  111  3  1551           
   11     3  151  3  1111           
   11     3  1i1  3                 
          3       3                 
999999999999999999999999999999999999