                                    
                                    
                                    
6            11            6        
6            22            6        
6 5       5  11  5       5 6        
2121212121213223121212121212        
   5     5  3113  5     5           
3212121212121221212121212123        
3   5   5    11    5   5   3        
2121212121213223121212121212        
    57 75   3113   57 75            
3212121212121221212121212123        
3  5     5   11   5     5  3        
2121212121213223121212121212        
  5       5 3113 5       5          
3212121212121221212121212123        
3            8             3        
1212121212121212121212121212        
999999999999999999999999999999999999