                                    
                                    
                                    
                        6           
               5     17161          
      3444311111111111 161          
5 44443    1      5  1 161          
13         1    111111 161          
113      7 1    5      161          
1113     5 1     44444 161          
11113 4444415  51    3  6           
2222223    111111    3446           
      3    111111    3 11111        
      3    111111    3 15 7         
      3    111111    3 11113        
      3              3     3        
    443              3     3        
7 51  3       8      3     3        
1111  3115111111111113  1113        
999999999999999999999999999999999999