                                    
                                    
                                    
   1113111        1113111           
 111  3     1111     3  111         
 1    3111111  1111113    1         
 1161111            1111611         
  16     3111  1113     61          
i 16111113        31111161 i        
i226222222223  322222222622i        
i  6   5 1  3  3  1 5   6  i        
i22622222232 44 23222222622i        
   6      3 1  1 3      6           
71 6 13 8 311  113 7 31 6 17        
 111113111131  131111311111         
7    13115 315513 51131    7        
11  113 144315513441 311  11        
111   3  1111111111  3   111        
111111113          311111111        
999999999999999999999999999999999999