                                    
                                    
                                    
333335337333333338333      6        
3333333333333333333332     6        
3333333333333333333332     6        
5333337333353333333332111111        
3333222222222222222222222222        
3333333333333333333333333333        
3333353333333373353333333333        
2222222222222222222222223333        
3333333353333333333533323335        
3333333333333333333333323333        
3333333333333333333333323333        
3333533333333353333333525333        
3333222222222222223333323333        
3333333333333333323333333333        
3333333333373535323333333333        
2222222222222221223533333335        
999999999999999999999999999999999999