                                    
                                    
                                    
 4444        78        4444         
3    1135          5311    3        
3    1135          5311    3        
3     1135        5311     3        
35 5  1135        5311  5 53        
311113 1135      5311 311113        
35  53 1135      5311 35  53        
3111113 1135    5311 3111113        
357 753 1135    5311 357 753        
31111113 1135  5311 31111113        
35    53 1135  5311 35    53        
311111113 11355311 311111113        
35     53 11111111 35     53        
3111111113 111i11 3111111113        
35      53 551i55 35      53        
1111111111111221161111111111        
999999999999999999999999999999999999