                                    
                                    
                                    
                      6             
                      6             
7       515           615           
1111131111111131311111111113        
5   13 5      313    1     3        
1113111113111111111131311111        
5  3     3  7       313    5        
1311111111111111311111111111        
53115  1      513    7 15           
1111111113111111111311111111        
113     731115 11  3  11  51        
1131111311111111131113111111        
5 3111131 511111531113    11        
1131111311111111131111113111        
113   13     1 8 3  1   3  5        
1111111111111111111111111111        
999999999999999999999999999999999999