                                    
                                    
                                    
                                    
      666666686       6             
    7    6    66     6672           
  535    6     66   66 222          
 53335   6      66 66 22222         
5333335  6       666 2222222        
3333333446  57 5  64444333          
   3    111111111111    3           
  525   1 5      5 1    3           
 52225  1 44444444 1    3           
 22222  1 3      3 1    3           
  222   1 3      3 1    3           
3111113 153   7  351    3           
3     3 111111111111    3           
3     3  3        3     3           
3111113311111111111133111113        
999999999999999999999999999999999999