                                    
                                    
                                    
1                         16        
1      5  7   44444444444516        
111111111111133    7 5  3116        
1111         3311111111111 6        
11111  5  7  33        11  6        
111111111111133  5    1113 6        
1111111      3311111111  3 6        
   5  11  5  33     111i13 6        
311111111111133 5  11    3 6        
311 1 1111   3311111 5   3 6        
3  3131 511  33  11111i113 6        
2223 3131111833 11 5     3 6        
222223 31 1113311111i11113 6        
22222223331 1331         3 6        
         3 3 33          3 6        
1111111111111111111111111111        
999999999999999999999999999999999999