                                    
                                    
                                    
4444444444444444                    
     5          37                  
    555        333                  
    555        333                  
   55         33                    
 55 555     33 333  44444444        
55 55  55  33 33  33   7            
   33         33      33333         
 7 333        333     55555         
3333 33    3333 33    33333         
     33         33    55555         
     33       8 33    33333         
1111111111113111111111111111        
            3                       
            3                       
1111111111111111111111111111        
999999999999999999999999999999999999