                                    
                                    
                                    
6                                   
6   5   5   57 75   5   5           
1111111111111161111111111111        
              3                     
             131                    
             535                    
   7        11311       7           
   3        5 3 5       3           
  131      1113111     131          
  535      5  3  5     535          
 11311    111131111   11311         
 5 3 5    5   3   5   5 3 5         
1113111  11111311111 1113111        
5  3  5  5    3    5 5  3  5        
   3          3 8       3           
1111111111111111111111111111        
999999999999999999999999999999999999