                                    
                                    
                                    
116                     6111        
1111167     8       76111111        
1111111116311111361111111111        
     5    3i   i3     5             
   311    3115113    113            
31111  31 3111113 13  111113        
3     311611111116113      3        
3  7 3i 161  i5 16i 13  7  3        
311111151615111 161511111113        
3     1i1611111i161i1      3        
i13      6       6      3111        
i111131 61111111116 13111ii1        
i5  1311631 515 136113  1 51        
115  3 1131 i1i 1311 3 1  11        
111  3   311111113   31             
1111131113       31113111111        
999999999999999999999999999999999999