                                    
                                    
                                    
             6                      
             6                      
         3   6            3         
   1111113   34444444444443         
   1  5 13   3          7 3         
   1    13   322222211221122        
212212212212231444441i111  1        
 57 5     5  31 3   144 1  1        
1111111i1111131 3155151315 1        
 44444444444431 31111i131  1        
37           31 35   4433311        
311111111111131111113 5  3          
3           83      311  333        
3511111 5 111311 5 131544  3        
311 5 111115 35111113115 113        
111111111111111111113  11111        
999999999999999999999999999999999999