                                    
                                    
                                    
22222222222222222222226    2        
2         7           6    2        
2    3121122132       6    2        
2    3      63212112216    2        
2 1123     3631 1 7144444442        
25   3   563611 1 21      52        
2    3   36361  1  1      72        
23   3   36361 518 1      12        
23   3   36211  11 1     512        
232222i12262     1 1     112        
23 444444442444441 1  5   12        
23     5  3     11 1    1112        
23  32i2223222131  1   51  2        
23  32   232  131111i121 5 2        
23  32   2325 13        1122        
23 532 7 2321111122111211112        
999999999999999999999999999999999999