                                    
                                    
                                    
3                                   
3  44      44444444444444444        
3   6     53    5    3   7 3        
111 1111111344444443 3 32222        
 5         3 5     3 3 3            
2223111 7  344444443 3 22223        
   3 5 11111    5  3 3     3        
 8 3 111115144444443 3 32222        
31 34444444444444443 3 3 5          
31111111i11111   7   3 22223        
35  1111     15  11113     3        
3111111111111122 11111131111        
32111111111111   11111131115        
3211111111111132 11511131111        
32 5111111111132       3            
3 11111115    32111111111111        
999999999999999999999999999999999999