                                    
                                    
                                    
2 22222222222222222222222226        
2683 353 353 353 353 353 326        
2223222222232222222322222326        
232353 3532353 3532353232326        
2322222223232222222223232326        
2353 35323232353 35323232326        
2223222223232322222323232326        
232323 353232323532323 35326        
2323232222232323232322222326        
2353 353235323532323 3532326        
2322222323232223232222232326        
232353 32323532323 353232326        
2323222222222223232223232226        
2323 353 353 353232323237326        
2322222222222222232323222326        
237353 323 353 3532353 323 6        
999999999999999999999999999999999999