                                    
                                    
                                    
                           6        
4444444444    5            6        
3 5      311111111113      6        
111113   3          32222222        
     3 7 3     5    3               
     3111111311111311               
  5  3      3     3  44             
111131      3  7  3    44           
    3    3111111311      445        
    344443      3  7       1        
    3       31111111113             
    3       31111111113             
11131111111111   5   1111131        
11131111111111 31113 1111131        
   3      8    31113   5  3         
1111111111111111111111111111        
999999999999999999999999999999999999