                                    
                                    
                                    
         3                          
         3      5    7              
4444  5  6     2222222222223        
3  2222222                 3        
3         44444  44444 32222        
3444444444        3    3            
    7          5  31   3            
32222222222222222221   22223        
3                         33        
3      5      5     7  2  3         
22221122223 122122222222  3         
          3               3         
       5  3      5        3         
32222222222 22222222      3         
3                   4444443         
3          8        7               
999999999999999999999999999999999999