                                    
                                    
                                    
6                                   
6                                   
111111111111111311 5      8         
    7     7    311i122222223        
5  33333333333 3           3        
15 3  33333333 3 5 5 3111113        
 153  3        3 161 1111113        
  13  35 5 5 5  3 1        3        
   15 31i1i1i1 3     75 5 53        
    1 3         3    1311113        
      3 3 3 3  3      3             
      3         3     3 7           
       3 3 3   3      111113        
        3 3 3   3          3        
    7    561   3   7       3        
1111111111111111111111111111        
999999999999999999999999999999999999