                                    
                                    
                                    
            5                       
 4444444 111138                     
3          5 3    5      5          
3        32222 1111111311111        
3        3 5          3             
31111113 11113        3             
3      3   5 373111111111113        
3      3 32222 3222222222223        
3    531 35    32     5   23        
3    31  11113 3232222222323        
3  531      53 3232   5  323        
3  31    32222 3232222222223        
3 31     3 5   323    5    3        
331      11113 3222222222222        
33  7        6 3    7               
1111111111111111111111111111        
999999999999999999999999999999999999