                                    
                                    
                                    
  6666666666666666666666666         
  6  7      44444     8   6         
  6111111111  3  1111111116         
  663434343 13331 343434366         
  143434343413 314343434341         
  14353 3534133314353 35341         
   111111111 333 111111111          
             3 3                    
             333     111            
             333    1443 5          
31 444445    3 3   1 5 3111         
325 444 1    33344 2 1 344          
312154 131212131  1    3            
3  121213   7 3 121212121 52        
23      21 121313   5   5 12        
12123513      5 312121212121        
999999999999999999999999999999999999