                                    
                                    
                                    
2                          6        
2     55557 7 7      8     6        
21111111111i1111111111111113        
                           3        
    2 5  5       5      52 3        
    21111111i1111111i11112 3        
                           3        
      2  5    5     5  2   3        
      2111i111111i111112   3        
                           3        
       2  5     5    52    3        
      22111111111111112    3        
                           3        
                           3        
5555   7          7     32 3        
11111111112222221111111222 3        
999999999999999999999999999999999999