                                    
                                    
                                    
     4     4 4      4  5  5         
4   4 4   4 3 4    4 3111111        
 4 4   4 4  3  4  4  3              
  4     4   3   44   3  7           
 5   5  5   3   4    3222223        
2222222i22222234     32 5 23        
              2      3232523        
             52  8 5 3232523        
3111111111131223111143232523        
3     7    31133     3232523        
3    11    3113   57  232523        
3 111  111 31122111113234444        
3 111  111 311       3              
3 11155111 31     4453 1111         
3 5 5115 5 311  31  13115511        
1111111111111111111111111111        
999999999999999999999999999999999999