                                    
                                    
                                    
2222222222226  222       212        
1111111211226  112       121        
   5  1212126  212       1          
32111i1    26 7 12      51 5        
31111   4444311212i1111132 3        
31 51 44421231    i2111131 3        
3111444  212314444i211113213        
311444      32     5 1123113        
31445   112131    i112213113        
344 244444443   44444 113 13        
   217  5  23i112 8 5   3113        
11i1211 21123i112212212    3        
11i12      23i    7 5 211111        
11i1244444443i11  11112  5 1        
11     5   23          11111        
1211112113  3  3111211111111        
999999999999999999999999999999999999