                                    
                                    
                                    
6          11111111111111111        
6          111111112 4444441        
6    5   31    5   23 1 5  1        
111111111321111111 23 111111        
    5    32    5   23 111111        
31111111112 11i111 23 111111        
3    75   2      5 23   7           
11111111132 11iii1 111111113        
 5       32    5           3        
31111111112 11i111         3        
3  5      2      5         3        
11111111132 11iii1  11111  3        
        532      5  1  51  3        
31111111112 11i111    311  3        
3   7       8         31 5 3        
1111111111111111111111111111        
999999999999999999999999999999999999