                                    
                                    
                                    
                  3   6             
        44        3   6             
5   5  44 3     443  567            
1111344   3 7  4441i11313           
    3  21i13  444515  613           
ii1113  5  34322 21111113           
i5   3  2    3   2222 443           
 i5  3      53 5     32             
  15 31i11322222231i232             
  3153    3  5   3   32             
  3 i32   31i1111311232             
  3 43  5 3  5   3  232             
  32 5  2 31111i13 25352            
  3  2    3  5   3 22322            
  3       311i1113  73              
11111111113  7  831111111111        
999999999999999999999999999999999999