                                    
                                    
                                    
111111111111111            6        
1             1            6        
1 4444444444443311111115   6        
1             31  5  1 14443        
15 57      8  31     1 17  3        
131111113222222122   3  11 3        
13     13      111   3     3        
135    134444444   7 13    3        
13   1123      11111113   31        
13  11523    111     1311111        
13  1  23  51151 55  1311 11        
1311   23  11  111111131 1 1        
1315   23 11   1444441311 11        
13     3331    1  5  13151 1        
13     313           1311 11        
1111111111111111111111111111        
999999999999999999999999999999999999