                                    
                                    
                                    
       5    5                       
5511111111111111113                 
11          5  5  3                 
         3111111113  5   5          
         3        311111111         
    5 75 3                          
   31111113444444     5             
   3      3      31111111113        
 5 3      3      3         3        
1113    7 3  7 5 3       5 3        
      311131111113    311111        
      344444444    5  3             
    5 35       31111113   5         
11111113       3      311111        
       3       3                    
       3  5  8 3      5             
999999999999999999999999999999999999