                                    
                                    
                                    
            7              6        
    5                 5    6        
  31113    11311    31113  6        
 31 5 133113333311331 5 13 6        
1311111311333333313111111316        
     7   333353333         6        
1111111113333333331111111116        
 11511   133333331  11511  6        
  111     1333331    111   6        
   1       13331      1    6        
            131            6        
            131            6        
            131            6        
            131            6        
    7        3     8       6        
1111111111111111111111111116        
999999999999999999999999999999999999