                                    
                                    
                                    
3444  1111   533  11111111          
3  5115111  53  511       1         
3 51111511 53  511531111111         
3511111151 35 41153     11          
3111111111 53 41 3       11         
3 44551551 35 413        51         
35  115115 53 4131       31         
83  511511 35 4131531531531         
 13 115115 53 4132222222221         
713 511511 35 413         1         
 13 115115 53 4111111311111         
 13 511511 13 4115  131  51         
 53 1151151 3 4  1 7131  11         
 13  11111  3  11 11131111          
  3444 11111    133333111           
  6                                 
999999999999999999999999999999999999