                                    
                                    
                                    
6               6  21111            
61111111111111116  2 531 5          
6444444444443  134421131 222        
53121     5 34413   5 31   3        
23   11     3  13  21131  53        
2311  51   83  13 527 313443        
33 5111111113  13  213113  3        
3  111     23  13    3  3 5         
3   11    523  113   3  3111        
33   111111237  1113 3  3           
231114444442113   11133 3113        
13    7       123   1131   3        
1311111113      123   31   3        
13115111131111131112233111 3        
13111115131111135  5 3315  3        
1311111111111111111113111113        
999999999999999999999999999999999999