                                    
                                    
                                    
116121212121221 1612 1161111        
116111111212232 2621 1 6  31        
126      12  3   6 5  76  31        
111i113444444311i11111111131        
 8 5  353125 3 2  212  1  31        
111113113212  5 2    2 44431        
  21 32 32221221 2  44444131        
5 7  3  3  14444444442 51131        
1i2113  352215 125  2  11 31        
2i 2 3  5212215 2144431   31        
  1  3 52 555 25  2  3    3         
34444352 3121  25   13111111        
3 3  22443      2  5 3 22222        
3 312155 3443  3 11113  2  1        
3 35 51157553443  1123   751        
1111111111113 53511111111111        
999999999999999999999999999999999999