                                    
                                    
                                    
                6                   
 74         48  6     4             
 3 3       3 3  6    3 3   3        
3  33     3   3 6   3   3  3        
 153 3   3 151 36  3 151 343        
 113  44437111 344437131   3        
211311i11211211211i11231i113        
1  3  i  1  5111  51 13 i  3        
144344i441 31444434444341443        
1  3  i  1 31  1 3i3 17 5  3        
1i23121i2113112112i321121i13        
 i1111   11311   1i311   i13        
   3444 4413144 44i3144 4413        
  131  5  131  5  13   5  13        
 5131  2  131  2  131  2  13        
1i 3 i1211 3 11211 3 1121i 3        
999999999999999999999999999999999999