                                    
                                    
                                    
                        6           
   5                    6           
3211                    6223        
32511 5                56223        
3  15111          7 11111113        
3  1 1  1115     111 5     3        
344  15 1  1  5 115 2222   3        
3  111111   111i1      11123        
35 8             122231 5  3        
3222244444444        31115 3        
3   2    75555       3  1111        
3 5 25  2222222222   3 52  5        
311111               3112211        
344443444444         3              
     3               37             
   5 3   1111111111111111111        
999999999999999999999999999999999999