                                    
                                    
                                    
                   1111111          
44444444445      76 111111          
3        3134444   6 1111113        
3       3i1i3 535   6 11  13        
344444443i1i3 1113   6 15 13        
3       3i1i371113    6 1113        
37      33333 1113     6 113        
144444  2i3i2 1113      6 13        
115  3  2i3i2    3       663        
1115 3  2i3i2 34434444444443        
111153  2i3i2 3                     
1111137 2i3i2 34444443115111        
     3  2i3i2 3     32111111        
     3  2i3i2 3    321111111        
     3   83   3    321111111        
1111111111111111111111111111        
999999999999999999999999999999999999