                                    
                                    
                                    
6                          6        
6  5  7 5       5    5  7 56        
222222222213  31222222222222        
           3  3                     
           3113                     
5  75    5 3  3      5  7 5         
1212121212123321212121212121        
            33                      
444444    5 33   5  44444444        
      32222222222223                
      3            3                
 5 7  3 5     5    3   57 5         
2222i1111111331111111i222222        
            33                      
            33                      
 5    85    33     5      5         
999999999999999999999999999999999999