                                    
                                    
                                    
                  8        6        
 113131111111311111111131116        
   3 131     3 131     3 1 6        
 11311311 131111311611111116        
  3 6 3     3   3  3     3 6        
  13  31  113  131 13  1 34         
 1 3  3  4 13  111  131113          
 131 131151313     1 3   13         
  31  131431 34131   3 1313         
  3    31111711 3 1111  313         
 13 4 1314  1  13     4 313         
 13  1 31111 31 3 31511 313         
  3  31344411 13  331444313         
 113 3  3    131 1 31111133         
   11134 34444344411444443          
            7                       
999999999999999999999999999999999999