                                    
                                    
                                    
1111111111111111111111111116        
1   3333333333333333333   16        
1 8 3 333    3   33   3 7 16        
11113 333 33 3 33 3 33311116        
1   3 333 33 3 33 3   3   16        
1 7 3 333 33 3 33 3 333 7 16        
11113   3    3   33   311116        
3333333333333333333333333336        
3 5 3 5 3 5  3  5 3 5 3 5 36        
3333333333333333333333333336        
3   3 3 3 33 3 33 3   3   36        
3 3 3 3 3  3 3  3 3 333 3 36        
3  33 3 3 3  3 3  3   3  336        
3 3 3 3 3 33 3 33 3 333 3 36        
3 3 3   3 33 3 33 3   3 3 36        
3333333333333333333333333336        
999999999999999999999999999999999999