                                    
                                    
                                    
1111111111116 11111111111111        
14444444441 6  14444444441          
 15  3  51  6   15  3  51           
  15 3 51   6    15 3 51            
   15351    6     15351             
    131     6222221131              
 8  131     62   5 131  7           
111313111111i111111131111113        
   3 3 7            3      3        
3112131111111111111131211111        
3444131444444444444131              
3 51 3 15        51 3 1             
351 535 15      51  3  1            
31 51315 15  3111   3   1 5         
3 51135133123121  7 3  5 111        
1111111113  3 51111111111111        
999999999999999999999999999999999999