                                    
                                    
                                    
 4                        4         
3 111111111111111111111111 3        
3 1    1  5  51       1  1 3        
3 1 5  1111i111       1  1 3        
3 1i1111     1 57 5   1 51 3        
3 1   1      1111111111111 3        
3 1 5 1      1      1    1 3        
3 11111  5 7 1      1    1 3        
3 1   111111111     1  5 1 3        
3 1      1    15  7 11i111 3        
3 1 5  5 1    1111111    1 3        
3 111i1111    1   1      1 3        
3 1 5 15   75 15  1 5    1 3        
3 111i1111111111i111111i11 3        
3           8      7       3        
1111111111111111111111111111        
999999999999999999999999999999999999