                                    
                                    
                                    
34444444444444444 71111 4444        
344444 7 4444444 1111111 444        
3444  111  4444 11111111 444        
344 1111111  4 1111111  4444        
34 1  1111111 111111   44444        
34 1 5 111111111111 11111 44        
344 111 1111111111 11111111         
34444444 1111111111 11111111        
3       111111111111 1111111        
3      11151115111111 111111        
3      11111111111111 111111        
3   444441111111144444111111        
3    444411   11144444411111        
344 11161111311111 1111 1111        
3  15116  111111  111111 111        
383i31116        1131311 111        
999999999999999999999999999999999999