                                    
                                    
                                    
1111111111116 1 611111111116        
11 7333 33 76   6733  33 716        
 511  51 5133   315 115 1156        
511  51 5133    3115 115 116        
11  51 5133 5 8 3 115 115 11        
1  51 5133 5111135 115 115 1        
 5 1 5133 511  1135 115 115         
311 5133 511 55 1135 115 11         
31 5133 5115311351135 115 11        
3 5133 511531  1351135 115          
35133 511531 55 1351135 1157        
3133 511531 5115 1351135 113        
333 511531 511115 1351135 13        
33 511531 51155115 1351135 3        
35 11531 5   11   5 13511353        
113 513 111111111111 31 5311        
999999999999999999999999999999999999