                                    
                                    
                                    
                     6              
    7           2    6   7 5        
322222 2222222322   16131111        
3       444   32511316131111        
11311 11  317 3 111316131151        
  3  1151 3 1 311  316131111        
31   1111i3  13  3111613            
3    8    3   1  31  6 11113        
311111111 1 51  531311111113        
311111111i1 1  1111311     3        
311111111i1     5113  111111        
3115   11i1444431 13444444          
311   511i13   1  15    1 13        
311111111i13  11111113111513        
3   115    3 11      3  1113        
31111111111311111111111    3        
999999999999999999999999999999999999