                                    
                                    
                                    
  444      5  5    444  2 13        
11  13    311113  37  112  3        
 11 13   311111111113 112 13        
11  13111115115111113 152113        
511513     7        3     13        
11111111111111111i1111111113        
   5 7   5          8   7  3        
2222222222222222311111111111        
 4444444444444 23                   
3      4      3234444444444         
3     4 4     3211 11 11 113        
3    4 1 4    32222222222223        
3   4 111 4   34444444444443        
3  4 11111 4  3i1i1i1i1i1i1i        
3 4 1155511 4 32                    
34 111111111 432        7           
999999999999999999999999999999999999