                                    
                                    
                                    
   8           7                    
11611111i1111111116111111111        
  6   1          16                 
61111111111i1111111111i11161        
6         1            1  6         
11116111111111111111i111  6         
    6444444444444         6         
    4 3          111   11113        
111144311111111111      4443        
11114 3                4   3        
11714 1111131111111    4   3        
11114      3         5 4  31        
11714 113111111 3113 1 4 311        
11114   3       3  3    3111        
1551    3       3  3    3111        
1111111111111111111111111111        
999999999999999999999999999999999999