                                    
                                    
                                    
 6            8           6         
 3 3111111111122222222222 3         
 3 31                   3 3         
 3 325131       5 7  5313 3         
 3 3222222222222222222113 3         
 3  31              4443  3         
 3  315 7 7 7   5131 513  3         
 3  31111111222222222213  3         
 34443444            1    3         
 3   315 131    55   23   3         
 3   311111122222222223   3         
 3    32                  3         
 3    3257 1313 55  13    3         
 3    3212222222222213    3         
 3                        3         
 3                        3         
999999999999999999999999999999999999