                                    
                                    
                                    
              6                     
              6                     
              6                     
 444444   7  313  7   444444        
      34443153135134443             
 315 13   311111113   31 513        
 31111    3431 1343    11113        
 3311       31113       1133        
  311       31 13       113         
  311       31113       113         
  311       31 13       113         
  311       31113       113         
  311       31 13 8   7 113         
  3111111111311131111111113         
5 311   5  13 5 31  5   1135        
2222222222222222222222222222        
999999999999999999999999999999999999