                                    
                                    
                                    
            333                     
           3333                     
             33                     
  7         3333         7          
4444444444433333344444444444        
4444444444433333344444444444        
 44444444443333334444444444         
   4444444433333344444444           
     444444333333444444             
        444333333444                
5 5 5 5 5  333333  5 5 5 5 5        
           337833                   
1111111111133113311111111111        
1111111111133113311111111111        
 5 5 5 5    3  3    5 5 5 5         
1111111111111111111111111111        
999999999999999999999999999999999999