                                    
                                    
                                    
             334444333331111        
            3113444355 31111        
           311113   3353 3 3        
          31111113    335353        
          31111113     33333        
          31212i23     3 3 3        
          35212i53     3 3 3        
          31212i23     35353        
544444444431212i23     33333        
35        35212i53     3 3 3        
135       31212i23     3 3 3        
1135      31212i23     35353        
11135     35111i53     33333        
111135    31111113     3 3 3        
1111135  321 12 123   835353        
1111113 7321 12 1237 3111111        
999999999999999999999999999999999999