                                    
                                    
                                    
26                         2        
262222 222222222122222222252        
26    5   54444   4444444432        
26       311  11111     1132        
26     5 3       51  1 51532        
26    1113  5 8  11  1i11232        
26 5     3111113  1 7     32        
26 111   31   13  1444311112        
26     7 315  13  1   3444 2        
26   31111111113111   3  5 2        
2111 315 1 5  1   1   3 1112        
25 113111111111   1   3 1  2        
2111134445525515  1122232112        
2   13  11121111131    3  52        
2 5 13    5      33  7 313 2        
1111131111111111113111111111        
999999999999999999999999999999999999