                                    
                                    
                                    
6                                   
6      7                            
6111111111122222212222122223        
5                     3    3        
11         2   5    54445  3        
111113313311111111  1   1  3        
    133 331 221111     7   3        
    1335331 2 1111 111311113        
    1111111 25111     3    3        
                      3    3        
       8       1311111322223        
113111111113111 3 55  3    3        
  3        3    3 22     113        
  31151    3  111 22111111 3        
  31111   73   5  22       3        
1111111111111111112211112222        
999999999999999999999999999999999999