                                    
                                    
                                    
   27         2                     
   2322222222 2                     
   2322       2                     
   2322 2222222                     
    3 3                             
    3 3                             
    3 3                             
    3 3 22222222222222222226        
    3 5525555555555555555553        
    3 2222222222222222222222        
    3                               
    3 5555555555555555555553        
    3 2222222222222222222222        
    3                               
    3 5555555555555555555553        
8   3 2222222222222222222222        
999999999999999999999999999999999999